Vertex Count: 156

Data:

-0.070966 0.070966 0.010335 0.693877 0.878072 -0.1916 0.9808 -0.0363
-0 0.086766 0.062719 0.58011 0.936058 -0.1916 0.9808 -0.0363
0 0.078556 -0.159324 0.622055 0.638616 -0.1916 0.9808 -0.0363
-0.070966 -0.070966 0.010335 0 0.860547 -0.38 -0.9174 -0.1179
-0.055547 -0.055547 -0.159324 0.038123 0.632273 -0.38 -0.9174 -0.1179
-0 -0.078556 -0.159324 0.096926 0.637563 -0.38 -0.9174 -0.1179
0.070966 -0.070966 0.010335 0.186772 0.871051 0.9174 -0.38 -0.1179
0.055548 -0.055547 -0.159324 0.184315 0.640495 0.9174 -0.38 -0.1179
0.078556 0 -0.159324 0.2491 0.639352 0.9174 -0.38 -0.1179
-0.086766 -0 0.062719 0.330123 0.937197 -0.5671 -0.5671 0.5973
-0.070966 -0.070966 0.010335 0.435872 0.871051 -0.5671 -0.5671 0.5973
-0 -0.086766 0.062719 0.4982 0.939174 -0.5671 -0.5671 0.5973
-0.078556 0 -0.159324 0.346026 0.637563 -0.9174 -0.38 -0.1179
-0.055547 -0.055547 -0.159324 0.433415 0.640495 -0.9174 -0.38 -0.1179
-0.070966 -0.070966 0.010335 0.435872 0.871051 -0.9174 -0.38 -0.1179
0 0 -0.629465 0.737487 0.00682402 -0.3782 0.9131 -0.1526
-0.055547 0.055547 -0.159324 0.708649 0.647755 -0.3782 0.9131 -0.1526
0 0.078556 -0.159324 0.622055 0.638616 -0.3782 0.9131 -0.1526
0 0 -0.629465 0.815662 0.395818 0.9131 0.3782 -0.1526
0.055548 0.055547 -0.159324 0.737487 0.080096 0.9131 0.3782 -0.1526
0.078556 0 -0.159324 0.824885 0.080096 0.9131 0.3782 -0.1526
0 0 -0.629465 0.1686 0 0.3782 -0.9131 -0.1526
0.055548 -0.055547 -0.159324 0.184315 0.640495 0.3782 -0.9131 -0.1526
-0 -0.078556 -0.159324 0.096926 0.637563 0.3782 -0.9131 -0.1526
0 0 -0.629465 0.4177 0 -0.9131 -0.3782 -0.1526
-0.055547 -0.055547 -0.159324 0.433415 0.640495 -0.9131 -0.3782 -0.1526
-0.078556 0 -0.159324 0.346026 0.637563 -0.9131 -0.3782 -0.1526
-0 -0.086766 0.062719 0.081023 0.937198 0.5671 -0.5671 0.5973
0.070966 -0.070966 0.010335 0.186772 0.871051 0.5671 -0.5671 0.5973
0.086766 -0 0.062719 0.2491 0.939174 0.5671 -0.5671 0.5973
0.070966 -0.070966 0.010335 0.186772 0.871051 0.1916 -0.9808 -0.0363
-0 -0.086766 0.062719 0.081023 0.937198 0.1916 -0.9808 -0.0363
-0 -0.078556 -0.159324 0.096926 0.637563 0.1916 -0.9808 -0.0363
0 0.078556 -0.159324 0.622055 0.638616 0.1916 0.9808 -0.0363
-0 0.086766 0.062719 0.58011 0.936058 0.1916 0.9808 -0.0363
0.070966 0.070966 0.010335 0.4982 0.852791 0.1916 0.9808 -0.0363
-0 0.086766 0.062719 0.896637 0.942586 0.4462 0.4462 0.7758
-0 -0 0.112623 0.765679 1 0.4462 0.4462 0.7758
0.086766 -0 0.062719 0.737487 0.867609 0.4462 0.4462 0.7758
-0.078556 0 -0.159324 0.346026 0.637563 -0.9808 0.1916 -0.0363
-0.086766 -0 0.062719 0.330123 0.937197 -0.9808 0.1916 -0.0363
-0.070966 0.070966 0.010335 0.2491 0.860547 -0.9808 0.1916 -0.0363
-0.086766 -0 0.062719 0.737487 0.948666 -0.4462 0.4462 0.7758
-0 -0 0.112623 0.609243 1 -0.4462 0.4462 0.7758
-0 0.086766 0.062719 0.58011 0.936058 -0.4462 0.4462 0.7758
0.070966 0.070966 0.010335 0.856202 0.83077 0.9808 0.1916 -0.0363
0.086766 -0 0.062719 0.737487 0.867609 0.9808 0.1916 -0.0363
0.078556 0 -0.159324 0.811184 0.726567 0.9808 0.1916 -0.0363
0 0 -0.629465 0.4177 0 -0.3782 -0.9131 -0.1526
-0 -0.078556 -0.159324 0.4982 0.639352 -0.3782 -0.9131 -0.1526
-0.055547 -0.055547 -0.159324 0.433415 0.640495 -0.3782 -0.9131 -0.1526
0 0 -0.629465 0.1686 0 0.9131 -0.3782 -0.1526
0.078556 0 -0.159324 0.2491 0.639352 0.9131 -0.3782 -0.1526
0.055548 -0.055547 -0.159324 0.184315 0.640495 0.9131 -0.3782 -0.1526
0 0 -0.629465 0.737487 0.00682402 0.3782 0.9131 -0.1526
0 0.078556 -0.159324 0.622055 0.638616 0.3782 0.9131 -0.1526
0.055548 0.055547 -0.159324 0.555487 0.627967 0.3782 0.9131 -0.1526
-0.020414 0.033031 0.062828 0.909672 0.487542 0.1876 0.7947 0.5774
0.053445 0.033031 0.03883 0.803257 0.455041 0.1876 0.7947 0.5774
0 0.07386 0 0.875948 0.395818 0.1876 0.7947 0.5774
0.053445 0.033031 -0.03883 0.953549 0.860374 0.6071 0.7947 0
0 0.07386 0 0.896638 0.803421 0.6071 0.7947 0
0.053445 0.033031 0.03883 0.953549 0.755695 0.6071 0.7947 0
-0.066062 0.033031 0 1 0.964476 -0.4911 0.7947 0.3568
-0.020414 0.033031 0.062828 0.896638 1 -0.4911 0.7947 0.3568
0 0.07386 0 0.908799 0.908392 -0.4911 0.7947 0.3568
-0.020414 0.033031 -0.062828 1 0.860374 -0.4911 0.7947 -0.3568
-0.066062 0.033031 0 1 0.964476 -0.4911 0.7947 -0.3568
0 0.07386 0 0.908799 0.908392 -0.4911 0.7947 -0.3568
0.053445 0.033031 -0.03883 0.817442 0.579826 0.1876 0.7947 -0.5774
-0.020414 0.033031 -0.062828 0.802173 0.683749 0.1876 0.7947 -0.5774
0 0.07386 0 0.737487 0.622645 0.1876 0.7947 -0.5774
0.066062 -0.033031 -0 0.737487 0.505828 0.9822 0.1876 0
0.053445 0.033031 -0.03883 0.769532 0.40712 0.9822 0.1876 0
0.053445 0.033031 0.03883 0.803257 0.455041 0.9822 0.1876 0
0.020414 -0.033031 0.062828 0.8241 0.555532 0.3035 0.1876 0.9342
0.053445 0.033031 0.03883 0.803257 0.455041 0.3035 0.1876 0.9342
-0.020414 0.033031 0.062828 0.909672 0.487542 0.3035 0.1876 0.9342
-0.053445 -0.033031 0.03883 0.885485 0.189976 -0.7946 0.1876 0.5774
-0.020414 0.033031 0.062828 0.824885 0.152116 -0.7946 0.1876 0.5774
-0.066062 0.033031 0 0.884684 0.086912 -0.7946 0.1876 0.5774
-0.053445 -0.033031 -0.03883 0.981442 0.134826 -0.7946 0.1876 -0.5774
-0.066062 0.033031 0 0.884684 0.086912 -0.7946 0.1876 -0.5774
-0.020414 0.033031 -0.062828 0.980148 0.062881 -0.7946 0.1876 -0.5774
0.020414 -0.033031 -0.062828 0.906836 0.644054 0.3035 0.1876 -0.9342
-0.020414 0.033031 -0.062828 0.802173 0.683749 0.3035 0.1876 -0.9342
0.053445 0.033031 -0.03883 0.817442 0.579826 0.3035 0.1876 -0.9342
0.020414 -0.033031 0.062828 0.8241 0.555532 0.7946 -0.1876 0.5774
0.066062 -0.033031 -0 0.737487 0.505828 0.7946 -0.1876 0.5774
0.053445 0.033031 0.03883 0.803257 0.455041 0.7946 -0.1876 0.5774
-0.053445 -0.033031 0.03883 0.909672 0.558415 -0.3035 -0.1876 0.9342
0.020414 -0.033031 0.062828 0.8241 0.555532 -0.3035 -0.1876 0.9342
-0.020414 0.033031 0.062828 0.909672 0.487542 -0.3035 -0.1876 0.9342
-0.053445 -0.033031 -0.03883 0.981442 0.134826 -0.9822 -0.1876 -0
-0.053445 -0.033031 0.03883 0.885485 0.189976 -0.9822 -0.1876 -0
-0.066062 0.033031 0 0.884684 0.086912 -0.9822 -0.1876 -0
0.020414 -0.033031 -0.062828 0.906836 0.644054 -0.3035 -0.1876 -0.9342
-0.053445 -0.033031 -0.03883 0.882129 0.726567 -0.3035 -0.1876 -0.9342
-0.020414 0.033031 -0.062828 0.802173 0.683749 -0.3035 -0.1876 -0.9342
0.066062 -0.033031 -0 0.906836 0.558415 0.7946 -0.1876 -0.5774
0.020414 -0.033031 -0.062828 0.906836 0.644054 0.7946 -0.1876 -0.5774
0.053445 0.033031 -0.03883 0.817442 0.579826 0.7946 -0.1876 -0.5774
0 -0.07386 -0 0.890741 0.300254 0.4911 -0.7947 0.3568
0.066062 -0.033031 -0 0.985453 0.356287 0.4911 -0.7947 0.3568
0.020414 -0.033031 0.062828 0.886215 0.395818 0.4911 -0.7947 0.3568
0 -0.07386 -0 0.890741 0.300254 -0.1876 -0.7947 0.5774
0.020414 -0.033031 0.062828 0.886215 0.395818 -0.1876 -0.7947 0.5774
-0.053445 -0.033031 0.03883 0.824885 0.317546 -0.1876 -0.7947 0.5774
0 -0.07386 -0 0.981442 0.229641 -0.6071 -0.7947 -0
-0.053445 -0.033031 0.03883 0.885485 0.189976 -0.6071 -0.7947 -0
-0.053445 -0.033031 -0.03883 0.981442 0.134826 -0.6071 -0.7947 -0
0 -0.07386 -0 0.890741 0.300254 -0.1876 -0.7947 -0.5774
-0.053445 -0.033031 -0.03883 0.886217 0.229641 -0.1876 -0.7947 -0.5774
0.020414 -0.033031 -0.062828 0.985453 0.253583 -0.1876 -0.7947 -0.5774
0 -0.07386 -0 0.890741 0.300254 0.4911 -0.7947 -0.3568
0.020414 -0.033031 -0.062828 0.985453 0.253583 0.4911 -0.7947 -0.3568
0.066062 -0.033031 -0 0.985453 0.356287 0.4911 -0.7947 -0.3568
0 0 -0.629465 0.4177 0 -0.9131 0.3782 -0.1526
-0.078556 0 -0.159324 0.346026 0.637563 -0.9131 0.3782 -0.1526
-0.055547 0.055547 -0.159324 0.287223 0.632273 -0.9131 0.3782 -0.1526
-0.070966 0.070966 0.010335 0.693877 0.878072 -0.38 0.9174 -0.1179
0 0.078556 -0.159324 0.622055 0.638616 -0.38 0.9174 -0.1179
-0.055547 0.055547 -0.159324 0.708649 0.647755 -0.38 0.9174 -0.1179
-0.070966 -0.070966 0.010335 0 0.860547 -0.1916 -0.9808 -0.0363
-0 -0.078556 -0.159324 0.096926 0.637563 -0.1916 -0.9808 -0.0363
-0 -0.086766 0.062719 0.081023 0.937198 -0.1916 -0.9808 -0.0363
0.070966 -0.070966 0.010335 0.186772 0.871051 0.9808 -0.1916 -0.0363
0.078556 0 -0.159324 0.2491 0.639352 0.9808 -0.1916 -0.0363
0.086766 -0 0.062719 0.2491 0.939174 0.9808 -0.1916 -0.0363
-0.086766 -0 0.062719 0.330123 0.937197 -0.4462 -0.4462 0.7758
-0 -0.086766 0.062719 0.4982 0.939174 -0.4462 -0.4462 0.7758
-0 -0 0.112623 0.381595 1 -0.4462 -0.4462 0.7758
-0.078556 0 -0.159324 0.346026 0.637563 -0.9808 -0.1916 -0.0363
-0.070966 -0.070966 0.010335 0.435872 0.871051 -0.9808 -0.1916 -0.0363
-0.086766 -0 0.062719 0.330123 0.937197 -0.9808 -0.1916 -0.0363
-0 -0.086766 0.062719 0.081023 0.937198 0.4462 -0.4462 0.7758
0.086766 -0 0.062719 0.2491 0.939174 0.4462 -0.4462 0.7758
-0 -0 0.112623 0.132495 1 0.4462 -0.4462 0.7758
0.070966 -0.070966 0.010335 0.186772 0.871051 0.38 -0.9174 -0.1179
-0 -0.078556 -0.159324 0.096926 0.637563 0.38 -0.9174 -0.1179
0.055548 -0.055547 -0.159324 0.184315 0.640495 0.38 -0.9174 -0.1179
0 0.078556 -0.159324 0.622055 0.638616 0.38 0.9174 -0.1179
0.070966 0.070966 0.010335 0.4982 0.852791 0.38 0.9174 -0.1179
0.055548 0.055547 -0.159324 0.555487 0.627967 0.38 0.9174 -0.1179
-0 0.086766 0.062719 0.896637 0.942586 0.5671 0.5671 0.5973
0.086766 -0 0.062719 0.737487 0.867609 0.5671 0.5671 0.5973
0.070966 0.070966 0.010335 0.856202 0.83077 0.5671 0.5671 0.5973
-0.078556 0 -0.159324 0.346026 0.637563 -0.9174 0.38 -0.1179
-0.070966 0.070966 0.010335 0.2491 0.860547 -0.9174 0.38 -0.1179
-0.055547 0.055547 -0.159324 0.287223 0.632273 -0.9174 0.38 -0.1179
-0.086766 -0 0.062719 0.737487 0.948666 -0.5671 0.5671 0.5973
-0 0.086766 0.062719 0.58011 0.936058 -0.5671 0.5671 0.5973
-0.070966 0.070966 0.010335 0.693877 0.878072 -0.5671 0.5671 0.5973
0.070966 0.070966 0.010335 0.856202 0.83077 0.9174 0.38 -0.1179
0.078556 0 -0.159324 0.811184 0.726567 0.9174 0.38 -0.1179
0.055548 0.055547 -0.159324 0.896638 0.737592 0.9174 0.38 -0.1179
